supp000276.png 0 1 1322 409 35 35
supp000277.png 0 1 1284 409 35 35
supp000278.png 0 1 1270 404 30 30
supp000279.png 0 1 1234 408 38 38
supp000280.png 0 1 1217 405 39 39
supp000281.png 0 1 1190 407 34 34
supp000282.png 0 1 1162 405 35 35
supp000283.png 0 1 1152 402 28 28
supp000284.png 0 1 1124 404 28 28
supp000285.png 0 1 1107 402 35 35
supp000286.png 0 1 1087 403 35 35
supp000287.png 0 1 1063 402 33 33
supp000288.png 0 1 1057 405 28 28
supp000289.png 0 1 1033 403 33 33
supp000290.png 0 1 1021 401 36 36
supp000291.png 0 1 1004 401 34 34
supp000292.png 0 1 989 401 34 34
supp000293.png 0 1 981 407 32 32
supp000294.png 0 1 960 401 40 40
supp000295.png 0 1 955 405 36 36
supp000296.png 0 1 938 401 39 39
supp000297.png 0 1 928 398 34 34
supp000298.png 0 1 920 403 35 35
supp000299.png 0 1 910 401 32 32
supp000300.png 0 1 902 401 33 33
supp000301.png 0 1 887 398 39 39
supp000302.png 0 1 875 400 36 36
supp000303.png 0 1 865 399 38 38
supp000304.png 0 1 860 399 37 37
supp000305.png 0 1 852 398 38 38
supp000306.png 0 1 842 395 35 35
supp000307.png 0 1 829 398 44 44
supp000308.png 0 1 829 398 38 38
supp000309.png 0 1 819 401 36 36
supp000310.png 0 1 818 403 34 34
supp000311.png 0 1 808 395 35 35
supp000312.png 0 1 801 389 38 38
supp000313.png 0 1 793 395 49 49
supp000314.png 0 1 791 397 40 40
supp000315.png 0 1 789 398 40 40
supp000316.png 0 1 780 397 42 42
supp000317.png 0 1 775 390 44 44
supp000318.png 0 1 774 393 46 46
supp000319.png 0 1 772 400 41 41
supp000320.png 0 1 773 398 33 33
supp000321.png 0 1 767 397 40 40
supp000322.png 0 1 763 390 40 40
supp000323.png 0 1 756 390 40 40
supp000324.png 0 1 756 389 45 45
supp000325.png 0 1 753 387 45 45
supp000326.png 0 1 752 391 43 43
supp000327.png 0 1 745 388 47 47
supp000328.png 0 1 747 395 40 40
supp000329.png 0 1 741 392 43 43
supp000330.png 0 1 737 388 52 52
supp000331.png 0 1 737 392 44 44
supp000332.png 0 1 735 390 44 44
supp000333.png 0 1 736 392 44 44
supp000334.png 0 1 731 392 44 44
supp000335.png 0 1 730 388 48 48
supp000336.png 0 1 724 388 47 47
supp000337.png 0 1 722 388 47 47
supp000338.png 0 1 722 388 47 47
supp000339.png 0 1 718 387 48 48
supp000340.png 0 1 717 389 46 46
supp000341.png 0 1 715 390 50 50
supp000342.png 0 1 714 388 48 48
supp000343.png 0 1 707 388 53 53
supp000344.png 0 1 712 388 47 47
supp000345.png 0 1 709 383 51 51
supp000346.png 0 1 706 383 49 49
supp000347.png 0 1 702 382 49 49
supp000348.png 0 1 702 384 45 45
supp000349.png 0 1 695 381 53 53
supp000350.png 0 1 696 375 53 53
supp000351.png 0 1 689 376 55 55
supp000352.png 0 1 687 373 57 57
supp000353.png 0 1 686 370 52 52
supp000354.png 0 1 684 372 52 52
supp000355.png 0 1 679 371 60 60
supp000356.png 0 1 670 367 60 60
supp000357.png 0 1 666 366 61 61
supp000358.png 0 1 665 362 58 58
supp000359.png 0 1 661 361 53 53
supp000360.png 0 1 654 364 60 60
supp000361.png 0 1 652 362 60 60
supp000362.png 0 1 647 363 56 56
supp000363.png 0 1 643 367 57 57
supp000364.png 0 1 635 368 63 63
supp000365.png 0 1 625 369 70 70
supp000366.png 0 1 621 359 60 60
supp000367.png 0 1 611 362 61 61
supp000368.png 0 1 603 362 71 71
supp000369.png 0 1 596 361 67 67
supp000370.png 0 1 590 362 67 67
supp000371.png 0 1 577 358 69 69
supp000372.png 0 1 570 360 68 68
supp000373.png 0 1 562 360 72 72
supp000374.png 0 1 547 354 75 75
supp000375.png 0 1 540 353 76 76
supp000376.png 0 1 527 350 78 78
supp000377.png 0 1 506 351 85 85
supp000378.png 0 1 497 348 77 77
supp000379.png 0 1 482 351 79 79
supp000380.png 0 1 473 351 80 80
supp000381.png 2 1 449 350 80 80
supp000382.png 2 1 424 342 87 87
supp000383.png 2 1 405 344 90 90
supp000384.png 2 1 377 337 91 91
supp000385.png 2 1 359 339 91 91
supp000386.png 2 1 319 336 93 93
supp000387.png 2 1 273 322 100 100
supp000388.png 2 1 248 326 104 104
supp000389.png 2 1 201 323 107 107
supp000390.png 2 1 172 318 110 110
supp000391.png 2 1 113 313 108 108
supp000392.png 2 1 45 315 117 117
supp000393.png 2 1 4 311 117 117
supp000651.png 0 1 1327 412 36 36
supp000652.png 0 1 1280 413 37 37
supp000653.png 0 1 1257 412 33 33
supp000654.png 0 1 1212 409 34 34
supp000655.png 0 1 1192 408 34 34
supp000656.png 0 1 1152 400 33 33
supp000657.png 0 1 1118 403 32 32
supp000658.png 0 1 1096 403 35 35
supp000659.png 0 1 1063 403 35 35
supp000660.png 0 1 1051 399 33 33
supp000661.png 0 1 1020 408 34 34
supp000662.png 0 1 1000 404 27 27
supp000663.png 0 1 987 406 30 30
supp000664.png 0 1 965 405 33 33
supp000665.png 0 1 951 407 35 35
supp000666.png 0 1 935 406 34 34
supp000667.png 0 1 917 403 33 33
supp000668.png 0 1 907 400 37 37
supp000669.png 0 1 892 402 35 35
supp000670.png 0 1 885 402 36 36
supp000671.png 0 1 871 400 37 37
supp000672.png 0 1 854 405 40 40
supp000673.png 0 1 846 401 41 41
supp000674.png 0 1 838 399 38 38
supp000675.png 0 1 830 402 40 40
supp000676.png 0 1 820 401 36 36
supp000677.png 0 1 804 403 46 46
supp000678.png 0 1 801 398 37 37
supp000679.png 0 1 790 397 38 38
supp000680.png 0 1 783 397 40 40
supp000681.png 0 1 775 395 39 39
supp000682.png 0 1 764 396 40 40
supp000683.png 0 1 759 397 45 45
supp000684.png 0 1 754 395 39 39
supp000685.png 0 1 747 399 44 44
supp000686.png 0 1 738 399 45 45
supp000687.png 0 1 732 391 43 43
supp000688.png 0 1 726 392 43 43
supp000689.png 0 1 723 387 44 44
supp000690.png 0 1 714 391 50 50
supp000691.png 2 1 712 389 46 46
supp000692.png 2 1 705 391 51 51
supp000693.png 2 1 703 391 48 48
supp000694.png 2 1 697 391 51 51
supp000695.png 2 1 694 392 49 49
supp000696.png 2 1 690 390 43 43
supp000697.png 2 1 685 393 42 42
supp000698.png 2 1 680 391 44 44
supp000699.png 2 1 674 387 49 49
supp000700.png 2 1 666 388 57 57
supp000701.png 2 1 658 389 50 50
supp000702.png 2 1 653 394 49 49
supp000703.png 2 1 646 385 49 49
supp000704.png 2 1 638 387 53 53
supp000705.png 2 1 636 388 49 49
supp000706.png 2 1 619 382 56 56
supp000707.png 2 1 612 381 58 58
supp000708.png 2 1 608 377 60 60
supp000709.png 2 1 598 372 53 53
supp000710.png 2 1 590 372 57 57
supp000711.png 2 1 581 371 55 55
supp000712.png 2 1 567 368 59 59
supp000713.png 2 1 562 368 56 56
supp000714.png 2 1 547 364 60 60
supp000715.png 2 1 537 360 66 66
supp000716.png 2 1 525 358 57 57
supp000717.png 2 1 508 366 62 62
supp000718.png 2 1 497 369 67 67
supp000719.png 2 1 480 365 72 72
supp000720.png 2 1 469 365 68 68
supp000721.png 2 1 447 363 66 66
supp000722.png 2 1 423 358 69 69
supp000723.png 2 1 413 357 67 67
supp000724.png 2 1 386 354 72 72
supp000725.png 2 1 367 351 75 75
supp000726.png 2 1 342 352 75 75
supp000727.png 2 1 309 352 76 76
supp000728.png 2 1 295 348 79 79
supp000729.png 2 1 254 348 85 85
supp000730.png 2 1 234 348 86 86
supp000731.png 2 1 197 346 89 89
supp000732.png 2 1 149 330 99 99
supp000733.png 2 1 129 335 95 95
supp000734.png 2 1 76 327 97 97
supp000735.png 2 1 45 323 101 101
supp001007.png 2 1 1307 399 39 39
supp001008.png 2 1 1287 400 41 41
supp001009.png 2 1 1257 400 40 40
supp001010.png 2 1 1239 400 39 39
supp001011.png 2 1 1211 399 41 41
supp001012.png 2 1 1179 398 39 39
supp001013.png 2 1 1165 399 41 41
supp001014.png 2 1 1139 400 38 38
supp001015.png 2 1 1128 400 37 37
supp001016.png 2 1 1102 401 41 41
supp001017.png 2 1 1080 397 39 39
supp001018.png 2 1 1066 399 41 41
supp001019.png 2 1 1045 400 41 41
supp001020.png 2 1 1038 397 38 38
supp001021.png 2 1 1016 401 40 40
supp001022.png 2 1 997 402 38 38
supp001023.png 2 1 985 400 45 45
supp001024.png 2 1 966 403 41 41
supp001025.png 2 1 956 400 41 41
supp001026.png 2 1 936 397 42 42
supp001027.png 2 1 915 397 44 44
supp001028.png 2 1 905 397 48 48
supp001029.png 2 1 889 397 45 45
supp001030.png 2 1 883 396 41 41
supp001031.png 2 1 867 394 41 41
supp001032.png 2 1 853 397 39 39
supp001033.png 2 1 844 398 47 47
supp001034.png 2 1 827 394 44 44
supp001035.png 2 1 822 393 42 42
supp001036.png 2 1 810 388 43 43
supp001037.png 2 1 795 389 47 47
supp001038.png 2 1 795 389 43 43
supp001039.png 2 1 779 396 46 46
supp001040.png 2 1 773 394 49 49
supp001041.png 2 1 763 392 47 47
supp001042.png 2 1 751 392 49 49
supp001043.png 2 1 748 389 45 45
supp001044.png 2 1 736 390 49 49
supp001045.png 2 1 729 391 51 51
supp001046.png 2 1 721 385 47 47
supp001047.png 2 1 710 392 50 50
supp001048.png 2 1 708 389 47 47
supp001049.png 2 1 691 389 54 54
supp001050.png 2 1 684 386 57 57
supp001051.png 2 1 667 386 59 59
supp001052.png 2 1 660 385 55 55
supp001053.png 2 1 653 382 56 56
supp001054.png 2 1 638 381 60 60
supp001055.png 2 1 634 379 56 56
supp001056.png 2 1 623 379 54 54
supp001057.png 2 1 604 375 60 60
supp001058.png 2 1 598 376 57 57
supp001059.png 2 1 580 374 63 63
supp001060.png 2 1 570 371 61 61
supp001061.png 2 1 552 365 61 61
supp001062.png 2 1 529 363 69 69
supp001063.png 2 1 517 362 67 67
supp001064.png 2 1 505 365 61 61
supp001065.png 2 1 493 367 67 67
supp001066.png 2 1 471 366 65 65
supp001067.png 2 1 443 364 68 68
supp001068.png 2 1 436 359 72 72
supp001069.png 2 1 411 361 68 68
supp001070.png 2 1 395 357 72 72
supp001071.png 2 1 371 356 71 71
supp001072.png 2 1 339 350 75 75
supp001073.png 2 1 328 349 68 68
supp001074.png 2 1 287 349 92 92
supp001075.png 2 1 268 346 92 92
supp001076.png 2 1 237 347 83 83
supp001077.png 2 1 192 345 88 88
supp001078.png 2 1 176 344 89 89
supp001079.png 2 1 130 341 92 92
supp001080.png 2 1 109 335 92 92
supp001081.png 2 1 54 328 99 99
frame000000.png 2 1 642 409 27 68
frame000001.png 2 1 642 411 31 69
frame000002.png 2 1 638 404 35 78
frame000003.png 2 1 642 409 31 68
frame000004.png 2 1 642 407 31 74
frame000005.png 2 1 643 407 30 69
frame000006.png 2 1 640 408 31 67
frame000007.png 2 1 642 405 33 75
frame000008.png 2 1 635 406 41 68
frame000009.png 2 1 642 413 33 62
frame000010.png 2 1 639 410 37 67
frame000011.png 2 1 642 409 30 68
frame000012.png 2 1 643 412 30 69
frame000013.png 2 1 640 407 38 72
frame000014.png 2 1 639 406 37 75
frame000015.png 2 1 638 410 41 67
frame000016.png 2 1 640 410 34 67
frame000017.png 2 1 644 407 30 74
frame000018.png 2 1 641 408 31 68
frame000019.png 2 1 640 405 38 79
frame000020.png 2 1 640 403 32 78
frame000021.png 2 1 639 406 38 73
frame000022.png 2 1 643 404 28 78
frame000023.png 2 1 645 405 28 76
frame000024.png 2 1 640 410 38 67
frame000025.png 2 1 638 408 39 76
frame000026.png 2 1 640 406 35 71
frame000027.png 2 1 641 407 35 71
frame000028.png 2 1 638 408 38 69
frame000029.png 2 1 639 404 35 79
frame000030.png 2 1 640 408 33 71
frame000031.png 2 1 637 404 41 72
frame000032.png 2 1 641 406 33 75
frame000033.png 2 1 641 407 36 76
frame000034.png 2 1 637 412 40 70
frame000035.png 2 1 638 412 38 68
frame000036.png 2 1 635 408 40 72
frame000037.png 2 1 641 408 36 78
frame000038.png 2 1 640 411 34 68
frame000039.png 2 1 639 410 31 67
frame000040.png 2 1 639 407 33 70
frame000041.png 2 1 639 407 33 75
frame000042.png 2 1 638 409 35 76
frame000043.png 2 1 636 410 36 66
frame000044.png 2 1 640 408 29 68
frame000045.png 2 1 638 409 32 77
frame000046.png 2 1 638 410 33 68
frame000047.png 2 1 636 407 39 78
frame000048.png 2 1 637 410 37 76
frame000049.png 2 1 636 412 31 81
frame000050.png 2 1 632 412 41 66
frame000051.png 2 1 633 411 35 70
frame000052.png 2 1 637 412 31 72
frame000053.png 2 1 632 414 38 68
frame000054.png 2 1 638 411 28 69
frame000055.png 2 1 637 408 32 72
frame000056.png 2 1 634 409 32 77
frame000057.png 2 1 632 411 37 77
frame000058.png 2 1 635 409 32 74
frame000059.png 2 1 633 411 33 75
frame000060.png 2 1 635 409 30 77
frame000061.png 2 1 635 411 34 76
frame000062.png 2 1 632 411 38 81
frame000063.png 2 1 630 408 39 81
frame000064.png 2 1 632 412 34 77
frame000065.png 2 1 634 407 32 77
frame000066.png 2 1 634 407 32 80
frame000067.png 2 1 632 411 33 74
frame000068.png 2 1 634 408 32 77
frame000069.png 2 1 631 404 35 81
frame000070.png 2 1 631 408 39 76
frame000071.png 2 1 628 405 36 90
frame000072.png 2 1 629 408 32 77
frame000073.png 2 1 632 411 34 78
frame000074.png 2 1 633 410 34 75
frame000075.png 2 1 631 411 35 76
frame000076.png 2 1 629 408 37 83
frame000077.png 2 1 629 405 38 87
frame000079.png 1 1 627 403 39 87
frame000080.png 1 1 628 409 37 80
frame000081.png 1 1 630 409 37 76
frame000082.png 1 1 628 408 34 83
frame000083.png 1 1 628 409 37 79
frame000084.png 1 1 621 406 44 86
frame000085.png 1 1 626 403 39 93
frame000086.png 1 1 625 405 36 88
frame000087.png 1 1 627 404 33 85
frame000088.png 1 1 620 401 40 89
frame000089.png 1 1 617 401 44 86
frame000090.png 1 1 621 409 38 82
frame000091.png 1 1 621 401 39 90
frame000092.png 1 1 612 400 45 94
frame000093.png 1 1 616 401 41 89
frame000094.png 1 1 616 405 38 88
frame000095.png 1 1 616 403 41 95
frame000096.png 1 1 610 398 40 94
frame000097.png 1 1 616 404 34 93
frame000098.png 1 1 609 396 48 93
frame000099.png 1 1 611 401 38 88
frame000100.png 1 1 610 397 36 94
frame000101.png 1 1 610 402 38 87
frame000102.png 1 1 606 400 37 90
frame000103.png 1 1 609 402 39 86
frame000104.png 1 1 605 401 40 96
frame000105.png 1 1 600 404 42 93
frame000106.png 1 1 601 393 42 103
frame000107.png 1 1 600 400 44 97
frame000108.png 1 1 597 400 40 96
frame000109.png 1 1 595 394 44 104
frame000110.png 1 1 591 392 43 102
frame000111.png 1 1 594 400 39 92
frame000112.png 1 1 586 389 50 106
frame000113.png 1 1 587 396 43 101
frame000114.png 1 1 588 391 42 106
frame000115.png 1 1 586 391 41 101
frame000116.png 1 1 586 390 44 107
frame000117.png 1 1 579 390 46 108
frame000118.png 1 1 578 396 49 102
frame000119.png 1 1 580 389 42 106
frame000120.png 1 1 578 388 38 107
frame000121.png 1 1 578 394 38 103
frame000122.png 1 1 574 394 45 105
frame000123.png 1 1 568 387 50 113
frame000124.png 1 1 567 388 45 107
frame000125.png 1 1 565 385 48 117
frame000126.png 1 1 562 382 50 117
frame000127.png 1 1 562 387 45 115
frame000128.png 1 1 559 384 52 117
frame000129.png 1 1 558 384 45 115
frame000130.png 1 1 549 385 58 119
frame000131.png 1 1 552 381 52 118
frame000132.png 1 1 546 385 50 111
frame000133.png 1 1 547 380 47 123
frame000134.png 1 1 543 378 50 123
frame000135.png 1 1 536 378 55 126
frame000136.png 1 1 536 376 48 132
frame000137.png 1 1 532 379 52 126
frame000138.png 1 1 532 377 48 125
frame000139.png 1 1 524 372 55 126
frame000140.png 0 1 518 362 52 141
frame000141.png 0 1 519 365 48 137
frame000142.png 0 1 511 367 55 136
frame000143.png 0 1 505 368 56 127
frame000144.png 0 1 506 361 44 136
frame000145.png 0 1 497 361 53 133
frame000146.png 0 1 491 355 61 144
frame000147.png 0 1 488 360 51 139
frame000148.png 0 1 484 359 57 135
frame000149.png 0 1 477 359 55 146
frame000150.png 0 1 469 366 60 140
frame000151.png 0 1 462 360 63 145
frame000152.png 0 1 457 365 61 148
frame000153.png 0 1 454 359 58 153
frame000154.png 0 1 443 371 67 149
frame000155.png 0 1 434 364 67 161
frame000156.png 0 1 432 366 67 155
frame000157.png 0 1 427 364 63 153
frame000158.png 0 1 419 359 69 155
frame000159.png 0 1 417 358 64 163
frame000160.png 0 1 405 357 66 177
frame000161.png 0 1 397 357 74 167
frame000162.png 0 1 386 352 70 165
frame000163.png 0 1 380 351 73 177
frame000164.png 0 1 371 352 75 173
frame000165.png 0 1 359 357 74 164
frame000166.png 0 1 352 348 75 180
frame000167.png 0 1 340 342 77 187
frame000168.png 0 1 334 346 78 190
frame000169.png 0 1 316 346 74 191
frame000170.png 0 1 300 341 76 200
frame000171.png 0 1 293 350 82 193
frame000172.png 0 1 272 341 89 205
frame000173.png 0 1 261 344 91 196
frame000174.png 0 1 246 337 85 199
frame000175.png 0 1 224 337 89 211
frame000176.png 0 1 213 335 88 205
frame000177.png 0 1 188 329 94 210
frame000178.png 0 1 170 334 102 205
frame000179.png 0 1 151 325 102 224
frame000180.png 0 1 123 314 108 235
frame000181.png 0 1 114 311 101 245
frame000182.png 0 1 91 307 105 242
frame000183.png 0 1 74 308 106 237
frame000184.png 0 1 47 307 113 248
frame000185.png 0 1 15 303 114 248
frame000258.png 0 1 27 292 107 265
frame000259.png 0 1 38 299 115 261
frame000260.png 0 1 59 304 113 252
frame000261.png 0 1 66 312 117 247
frame000262.png 0 1 88 310 106 244
frame000263.png 0 1 94 312 105 233
frame000265.png 2 1 128 310 114 235
frame000266.png 2 1 141 319 96 228
frame000267.png 2 1 161 323 97 217
frame000268.png 2 1 168 322 95 223
frame000269.png 2 1 182 324 98 218
frame000270.png 2 1 198 327 109 230
frame000271.png 2 1 201 324 100 221
frame000272.png 2 1 215 333 99 213
frame000273.png 2 1 231 327 90 220
frame000274.png 2 1 245 335 90 208
frame000275.png 2 1 259 341 90 205
frame000276.png 2 1 270 336 83 202
frame000277.png 2 1 280 342 84 201
frame000278.png 2 1 290 342 81 203
frame000279.png 2 1 306 339 81 203
frame000280.png 2 1 320 344 79 202
frame000281.png 2 1 327 351 81 197
frame000282.png 2 1 336 348 79 201
frame000283.png 2 1 348 348 75 189
frame000284.png 2 1 357 349 77 187
frame000285.png 2 1 367 347 82 184
frame000286.png 2 1 378 349 74 185
frame000287.png 2 1 388 345 76 184
frame000288.png 2 1 398 353 68 178
frame000289.png 2 1 406 347 75 180
frame000290.png 2 1 421 351 66 177
frame000291.png 2 1 424 358 68 165
frame000292.png 2 1 436 354 65 173
frame000293.png 2 1 439 351 68 172
frame000294.png 2 1 446 350 69 171
frame000295.png 2 1 459 359 64 162
frame000296.png 2 1 463 355 65 166
frame000297.png 2 1 471 365 72 161
frame000298.png 2 1 478 357 67 159
frame000299.png 2 1 484 359 69 158
frame000300.png 2 1 494 364 63 158
frame000301.png 2 1 498 360 66 159
frame000302.png 2 1 502 366 63 158
frame000303.png 2 1 511 369 56 148
frame000304.png 2 1 511 361 62 158
frame000305.png 2 1 517 364 59 154
frame000306.png 2 1 522 373 60 146
frame000307.png 2 1 527 372 58 147
frame000308.png 2 1 531 367 58 155
frame000309.png 2 1 534 368 68 157
frame000310.png 2 1 539 368 61 151
frame000311.png 2 1 538 367 62 156
frame000312.png 2 1 545 368 54 144
frame000313.png 2 1 539 366 64 146
frame000314.png 2 1 549 367 58 150
frame000315.png 2 1 548 367 63 149
frame000316.png 2 1 554 368 57 138
frame000317.png 2 1 554 362 57 147
frame000318.png 2 1 553 362 59 149
frame000319.png 2 1 558 362 56 143
frame000320.png 2 1 560 364 58 141
frame000321.png 2 1 559 360 54 139
frame000322.png 2 1 564 359 57 143
frame000323.png 2 1 559 358 62 145
frame000324.png 2 1 565 359 59 147
frame000325.png 2 1 570 360 55 136
frame000326.png 2 1 570 360 57 144
frame000327.png 2 1 572 359 52 148
frame000328.png 2 1 570 357 59 148
frame000329.png 2 1 576 363 49 144
frame000330.png 2 1 569 365 64 139
frame000331.png 2 1 575 360 55 144
frame000332.png 2 1 577 365 56 137
frame000333.png 2 1 571 363 64 140
frame000334.png 2 1 579 367 54 140
frame000335.png 2 1 584 365 50 141
frame000336.png 2 1 581 367 48 131
frame000337.png 2 1 581 372 55 129
frame000338.png 2 1 585 365 49 136
frame000339.png 2 1 585 371 50 132
frame000340.png 2 1 581 372 55 135
frame000341.png 2 1 584 370 51 126
frame000342.png 2 1 589 370 49 132
frame000343.png 2 1 586 374 48 132
frame000344.png 2 1 589 376 51 125
frame000345.png 2 1 586 374 59 128
frame000346.png 2 1 586 374 60 133
frame000347.png 2 1 590 373 53 131
frame000348.png 2 1 587 376 59 136
frame000349.png 2 1 589 379 54 121
frame000350.png 2 1 592 383 51 118
frame000351.png 2 1 592 377 54 128
frame000352.png 2 1 588 381 57 119
frame000353.png 2 1 592 378 48 126
frame000354.png 2 1 592 381 55 121
frame000355.png 2 1 595 385 53 114
frame000356.png 2 1 595 377 56 130
frame000357.png 2 1 596 380 52 121
frame000358.png 2 1 595 381 57 128
frame000359.png 2 1 593 387 59 114
frame000360.png 2 1 596 381 54 119
frame000361.png 2 1 598 382 49 124
frame000362.png 2 1 598 388 54 114
frame000363.png 2 1 597 383 54 120
frame000364.png 2 1 599 384 55 118
frame000365.png 2 1 595 387 60 115
frame000366.png 2 1 602 382 47 130
frame000367.png 2 1 600 387 49 116
frame000368.png 2 1 606 383 49 123
frame000369.png 2 1 603 381 54 121
frame000370.png 2 1 609 391 46 107
frame000371.png 2 1 605 385 49 117
frame000372.png 2 1 608 387 50 113
frame000373.png 2 1 607 386 47 115
frame000374.png 2 1 612 392 46 115
frame000375.png 2 1 610 386 46 117
frame000376.png 2 1 609 390 51 108
frame000377.png 2 1 601 385 60 122
frame000378.png 2 1 612 384 50 121
frame000379.png 2 1 612 390 47 117
frame000380.png 2 1 615 390 43 111
frame000381.png 2 1 612 387 46 115
frame000382.png 2 1 614 397 48 104
frame000383.png 2 1 614 390 46 108
frame000384.png 2 1 614 389 52 119
frame000385.png 2 1 614 391 47 115
frame000386.png 2 1 615 390 48 113
frame000387.png 2 1 616 390 44 113
frame000389.png 1 1 618 387 42 115
frame000390.png 1 1 623 395 44 104
frame000391.png 1 1 619 390 44 106
frame000392.png 1 1 623 392 44 105
frame000393.png 1 1 616 388 51 105
frame000394.png 1 1 624 389 43 116
frame000395.png 1 1 623 389 42 108
frame000396.png 1 1 626 389 41 111
frame000397.png 1 1 625 388 44 114
frame000398.png 1 1 626 388 41 118
frame000399.png 1 1 628 394 39 105
frame000400.png 1 1 631 394 40 98
frame000401.png 1 1 631 396 42 103
frame000402.png 1 1 627 398 44 99
frame000403.png 1 1 627 392 41 106
frame000404.png 1 1 626 394 47 102
frame000405.png 1 1 632 396 39 103
frame000406.png 1 1 633 401 39 91
frame000407.png 1 1 634 394 33 103
frame000408.png 1 1 632 398 40 97
frame000409.png 1 1 629 399 44 100
frame000410.png 1 1 631 400 43 94
frame000411.png 1 1 632 397 41 105
frame000412.png 1 1 633 396 44 110
frame000413.png 1 1 632 398 39 101
frame000414.png 1 1 632 396 38 102
frame000415.png 1 1 636 404 34 92
frame000416.png 1 1 634 399 38 98
frame000417.png 1 1 634 406 46 97
frame000418.png 1 1 631 402 48 99
frame000419.png 1 1 633 403 43 94
frame000420.png 1 1 636 401 37 96
frame000421.png 1 1 634 398 37 104
frame000422.png 1 1 632 400 43 99
frame000423.png 1 1 636 398 38 104
frame000424.png 1 1 628 401 50 103
frame000425.png 1 1 633 402 44 97
frame000426.png 1 1 632 400 44 98
frame000427.png 1 1 633 404 48 92
frame000428.png 1 1 632 396 44 101
frame000429.png 1 1 634 399 38 105
frame000430.png 1 1 633 399 45 96
frame000431.png 1 1 632 399 45 97
frame000432.png 1 1 634 402 43 92
frame000433.png 1 1 633 402 44 97
frame000434.png 1 1 635 402 39 94
frame000435.png 1 1 632 398 43 99
frame000436.png 1 1 630 398 52 103
frame000437.png 1 1 633 397 40 101
frame000438.png 1 1 630 399 51 98
frame000439.png 1 1 635 396 41 102
frame000440.png 1 1 633 401 41 99
frame000441.png 1 1 634 398 40 101
frame000442.png 1 1 632 397 41 102
frame000443.png 1 1 636 400 37 99
frame000444.png 1 1 634 393 39 97
frame000445.png 1 1 633 401 43 94
frame000446.png 1 1 632 403 41 96
frame000447.png 1 1 633 398 36 99
frame000448.png 1 1 632 403 50 90
frame000449.png 1 1 631 398 42 103
frame000450.png 0 1 629 395 46 97
frame000451.png 0 1 631 402 44 98
frame000452.png 0 1 633 402 42 101
frame000453.png 0 1 632 395 48 112
frame000454.png 0 1 631 400 42 99
frame000455.png 0 1 628 397 48 100
frame000456.png 0 1 632 400 49 97
frame000457.png 0 1 628 401 52 95
frame000458.png 0 1 633 394 43 103
frame000459.png 0 1 632 395 43 105
frame000460.png 0 1 632 400 42 90
frame000461.png 0 1 631 401 48 98
frame000462.png 0 1 629 403 51 92
frame000463.png 0 1 631 394 48 108
frame000464.png 0 1 629 400 50 96
frame000465.png 0 1 632 398 43 100
frame000466.png 0 1 633 391 41 107
frame000467.png 0 1 631 399 47 97
frame000468.png 0 1 632 394 43 104
frame000469.png 0 1 633 402 43 90
frame000470.png 0 1 628 395 52 105
frame000471.png 0 1 631 401 46 97
frame000472.png 0 1 632 395 41 105
frame000473.png 0 1 629 397 48 103
frame000474.png 0 1 629 402 42 98
frame000475.png 0 1 630 398 48 102
frame000476.png 0 1 632 397 43 103
frame000477.png 0 1 629 397 49 102
frame000478.png 0 1 626 396 55 101
frame000479.png 0 1 629 391 45 109
frame000480.png 0 1 632 401 46 96
frame000481.png 0 1 630 396 46 103
frame000482.png 0 1 630 402 46 93
frame000483.png 0 1 631 396 52 107
frame000484.png 0 1 629 395 47 104
frame000485.png 0 1 631 400 47 97
frame000486.png 0 1 628 399 50 97
frame000487.png 0 1 632 395 48 105
frame000488.png 0 1 631 398 45 98
frame000489.png 0 1 632 393 37 105
frame000490.png 0 1 631 397 42 99
frame000491.png 0 1 630 395 41 100
frame000492.png 0 1 629 396 48 106
frame000493.png 0 1 629 396 46 101
frame000494.png 0 1 630 400 47 105
frame000495.png 0 1 625 399 49 94
frame000496.png 0 1 630 395 42 100
frame000497.png 0 1 627 394 48 105
frame000498.png 0 1 626 401 49 93
frame000499.png 0 1 632 396 42 109
frame000500.png 0 1 627 397 49 101
frame000501.png 0 1 628 402 44 93
frame000502.png 0 1 625 398 47 104
frame000503.png 0 1 627 396 45 101
frame000504.png 0 1 624 399 48 96
frame000505.png 0 1 626 397 46 100
frame000506.png 0 1 624 401 46 98
frame000507.png 0 1 625 398 48 100
frame000508.png 0 1 623 399 48 100
frame000509.png 0 1 622 396 48 103
frame000510.png 0 1 626 397 42 103
frame000511.png 0 1 618 400 51 101
frame000512.png 0 1 619 400 51 97
frame000513.png 0 1 618 392 53 108
frame000514.png 0 1 620 400 49 101
frame000515.png 0 1 616 396 50 104
frame000516.png 0 1 620 396 46 109
frame000517.png 0 1 616 399 48 104
frame000518.png 0 1 612 393 56 113
frame000519.png 0 1 613 392 51 113
frame000520.png 0 1 610 393 53 113
frame000521.png 0 1 608 391 56 117
frame000522.png 0 1 609 395 54 106
frame000523.png 0 1 605 386 58 125
frame000524.png 0 1 604 389 57 118
frame000525.png 0 1 604 390 52 120
frame000526.png 0 1 599 388 58 117
frame000527.png 0 1 599 390 59 116
frame000528.png 0 1 602 381 47 125
frame000529.png 0 1 594 382 58 124
frame000530.png 0 1 591 384 56 118
frame000531.png 0 1 593 384 59 124
frame000532.png 0 1 591 384 49 122
frame000533.png 0 1 582 385 60 121
frame000534.png 0 1 586 382 54 123
frame000535.png 0 1 580 380 65 125
frame000536.png 0 1 575 380 73 128
frame000537.png 0 1 581 387 55 116
frame000538.png 0 1 577 376 57 136
frame000539.png 0 1 571 373 63 134
frame000540.png 0 1 571 373 61 131
frame000541.png 0 1 575 376 50 135
frame000542.png 0 1 565 374 65 130
frame000543.png 0 1 565 371 60 137
frame000544.png 0 1 565 368 60 140
frame000545.png 0 1 562 361 56 151
frame000546.png 0 1 561 363 54 151
frame000547.png 0 1 558 362 61 146
frame000548.png 0 1 558 361 60 146
frame000549.png 0 1 550 354 65 153
frame000550.png 0 1 546 354 65 148
frame000551.png 0 1 549 357 64 149
frame000552.png 0 1 549 363 56 142
frame000553.png 0 1 542 365 63 146
frame000554.png 0 1 535 362 64 144
frame000555.png 0 1 530 365 65 151
frame000556.png 0 1 531 367 62 155
frame000557.png 0 1 525 366 67 153
frame000558.png 0 1 519 362 66 156
frame000559.png 0 1 515 365 70 164
frame000560.png 0 1 506 360 71 163
frame000561.png 0 1 499 361 70 162
frame000562.png 0 1 499 358 59 160
frame000563.png 0 1 494 358 65 165
frame000564.png 0 1 478 354 69 167
frame000565.png 0 1 473 357 68 168
frame000566.png 0 1 458 353 80 174
frame000567.png 0 1 450 346 63 177
frame000568.png 0 1 436 353 82 175
frame000569.png 0 1 426 356 79 174
frame000570.png 0 1 409 349 82 178
frame000571.png 0 1 405 348 77 176
frame000572.png 0 1 386 347 86 189
frame000573.png 0 1 382 340 77 185
frame000575.png 2 1 352 345 76 189
frame000576.png 2 1 347 350 86 184
frame000577.png 2 1 333 347 88 206
frame000578.png 2 1 325 351 86 181
frame000579.png 2 1 315 345 86 193
frame000580.png 2 1 305 340 84 212
frame000581.png 2 1 297 347 88 189
frame000582.png 2 1 289 341 84 205
frame000583.png 2 1 288 342 87 196
frame000584.png 2 1 274 343 88 198
frame000585.png 2 1 274 338 81 200
frame000586.png 2 1 264 345 90 193
frame000587.png 2 1 257 339 92 200
frame000588.png 2 1 259 334 90 203
frame000589.png 2 1 252 340 85 200
frame000590.png 2 1 248 336 102 211
frame000591.png 2 1 248 337 84 204
frame000592.png 2 1 247 332 91 209
frame000593.png 2 1 246 333 81 204
frame000594.png 2 1 245 331 83 207
frame000595.png 2 1 243 339 87 204
frame000596.png 2 1 243 335 91 208
frame000597.png 2 1 243 336 93 207
frame000598.png 2 1 243 333 95 211
frame000599.png 2 1 241 331 90 212
frame000600.png 2 1 247 334 81 211
frame000601.png 2 1 248 339 80 202
frame000602.png 2 1 249 340 85 208
frame000603.png 2 1 246 343 83 195
frame000604.png 2 1 252 342 73 195
frame000605.png 2 1 249 339 78 202
frame000606.png 2 1 250 336 81 204
frame000607.png 2 1 246 337 80 197
frame000608.png 2 1 247 341 88 209
frame000609.png 2 1 249 341 82 218
frame000610.png 2 1 248 339 85 204
frame000611.png 2 1 246 341 84 197
frame000612.png 2 1 247 340 86 198
frame000613.png 2 1 245 338 84 206
frame000614.png 2 1 246 338 87 207
frame000615.png 2 1 249 342 86 200
frame000616.png 2 1 242 341 88 213
frame000617.png 2 1 244 337 98 206
frame000618.png 2 1 234 337 105 214
frame000619.png 2 1 248 342 84 199
frame000620.png 2 1 241 333 102 220
frame000621.png 2 1 245 344 86 198
frame000622.png 2 1 245 337 92 206
frame000623.png 2 1 245 341 87 200
frame000624.png 2 1 251 340 82 208
frame000625.png 2 1 250 342 77 202
frame000626.png 2 1 246 335 87 206
frame000627.png 2 1 246 342 87 201
frame000628.png 2 1 249 339 86 201
frame000629.png 2 1 247 337 83 203
frame000630.png 2 1 240 342 99 198
frame000631.png 2 1 249 338 83 204
frame000632.png 2 1 247 339 88 199
frame000633.png 2 1 246 341 82 196
frame000634.png 2 1 248 343 84 198
frame000635.png 2 1 245 340 83 199
frame000636.png 2 1 243 343 89 198
frame000637.png 2 1 246 341 90 200
frame000638.png 2 1 244 344 92 210
frame000639.png 2 1 241 336 90 203
frame000640.png 2 1 247 339 87 202
frame000641.png 2 1 245 333 86 217
frame000642.png 2 1 242 338 93 203
frame000643.png 2 1 243 338 93 204
frame000644.png 2 1 253 345 72 194
frame000645.png 2 1 241 341 95 205
frame000646.png 2 1 243 341 87 200
frame000647.png 2 1 248 342 83 200
frame000648.png 2 1 241 341 89 195
frame000649.png 2 1 245 344 83 192
frame000650.png 2 1 245 334 91 215
frame000651.png 2 1 245 341 87 198
frame000652.png 2 1 243 335 87 211
frame000653.png 2 1 241 341 92 201
frame000654.png 2 1 246 343 85 195
frame000655.png 2 1 247 336 84 208
frame000656.png 2 1 247 338 87 204
frame000657.png 2 1 244 339 89 202
frame000658.png 2 1 244 339 84 199
frame000659.png 2 1 246 340 82 197
frame000660.png 2 1 247 340 82 200
frame000661.png 2 1 243 340 88 199
frame000662.png 2 1 240 343 94 193
frame000663.png 2 1 251 339 78 205
frame000664.png 2 1 243 342 88 198
frame000665.png 2 1 245 336 86 207
frame000666.png 2 1 245 344 87 196
frame000667.png 2 1 244 340 88 202
frame000668.png 2 1 241 339 102 203
frame000669.png 2 1 236 336 100 205
frame000670.png 2 1 241 333 87 204
frame000671.png 2 1 244 338 90 208
frame000672.png 2 1 246 338 88 203
frame000673.png 2 1 249 338 79 206
frame000674.png 2 1 246 338 85 213
frame000675.png 2 1 243 334 88 206
frame000676.png 2 1 246 338 81 205
frame000677.png 2 1 246 345 85 190
frame000678.png 2 1 249 339 80 203
frame000679.png 2 1 247 337 91 205
frame000680.png 2 1 246 342 88 206
frame000681.png 2 1 241 334 92 204
frame000682.png 2 1 245 346 87 192
frame000683.png 2 1 244 332 87 215
frame000684.png 2 1 246 335 86 206
frame000685.png 2 1 239 331 92 208
frame000686.png 2 1 248 333 77 214
frame000687.png 2 1 248 338 80 203
frame000688.png 2 1 246 336 87 214
frame000689.png 2 1 246 338 83 209
frame000690.png 2 1 246 339 87 205
frame000691.png 2 1 245 339 91 197
frame000692.png 2 1 246 336 86 211
frame000693.png 2 1 241 337 91 202
frame000694.png 2 1 239 334 93 215
frame000695.png 2 1 242 337 88 210
frame000696.png 2 1 241 334 102 228
frame000697.png 2 1 239 338 96 202
frame000698.png 2 1 243 344 91 197
frame000700.png 1 1 246 337 83 204
frame000701.png 1 1 239 340 92 203
frame000702.png 1 1 242 340 89 203
frame000703.png 1 1 242 338 90 208
frame000704.png 1 1 243 337 88 207
frame000705.png 1 1 245 341 95 205
frame000706.png 1 1 248 342 82 201
frame000707.png 1 1 243 336 84 211
frame000708.png 1 1 245 342 87 195
frame000709.png 1 1 248 335 79 207
frame000710.png 1 1 245 345 84 195
frame000711.png 1 1 245 340 83 197
